Species	Avg_ANI	Peaks	Valleys_range	Group
Species_2	97.720177133716	95.4, 96.5	99, 99.1, 99.2, 99.3, 99.4, 99.5	Group 1
Species_3	98.0469331371996	0	-	Group 3
Species_5	98.4477386892178	98.8	99, 99.1, 99.2, 99.3, 99.4, 99.5	Group 1
Species_8	99.5327732836168	98.7	99, 99.1, 99.2, 99.3, 99.4, 99.5	Group 1
Species_9	98.2686928853083	96.5, 97.6, 98.8	99.1, 99.2, 99.3, 99.4, 99.5	Group 1
Species_10	97.0080727658187	95.5	98.9, 99, 99.1, 99.2, 99.3, 99.4, 99.5, 99.6	Group 1
Species_12	99.8447629186449	98.8	99, 99.1, 99.2, 99.3, 99.4, 99.5	Group 2
Species_15	97.7934987237798	97.6, 98.6	99.1, 99.2, 99.3, 99.4, 99.5, 99.6	Group 1
Species_19	99.8418666787659	99	99.2, 99.3, 99.4, 99.5, 99.6	Group 2
Species_20	96.8091228525641	95.7	99.1, 99.2, 99.3, 99.4, 99.5, 99.6, 99.7	Group 1
Species_24	99.44339717605	95.7, 98.8	99, 99.1, 99.2, 99.3, 99.4, 99.5, 99.6	Group 1
Species_25	98.0032147931304	95.4, 96.4	99, 99.1, 99.2, 99.3, 99.4, 99.5	Group 1
Species_33	99.7695988798108	98.8	99, 99.1, 99.2, 99.3, 99.4, 99.5	Group 1
Species_39	96.4005674757282	95.3	97.9, 98, 98.1, 98.2, 98.3, 98.4, 98.5, 98.6, 98.7, 98.8, 98.9, 99, 99.1, 99.2, 99.3, 99.4, 99.5, 99.6, 99.7, 99.8, 99.9, 100	Group 1
Species_43	98.2847157424913	95.4	99, 99.1, 99.2, 99.3, 99.4, 99.5	Group 1
Species_45	95.5920442417217	95.4	96.5, 96.6, 96.7, 96.8, 96.9, 97, 97.1, 97.2, 97.3, 97.4, 97.5, 97.6, 97.7, 97.8, 97.9, 98, 98.1, 98.2, 98.3, 98.4, 98.5, 98.6, 98.7, 98.8, 98.9, 99, 99.1, 99.2, 99.3, 99.4, 99.5, 99.6, 99.7, 99.8, 99.9, 100	Group 1
Species_49	97.3726607207207	97.5	98.7, 98.8, 98.9, 99, 99.1, 99.2, 99.3, 99.4, 99.5, 99.6, 99.7	Group 1
Species_51	98.1351397919376	95.4	98.9, 99, 99.1, 99.2, 99.3, 99.4, 99.5	Group 1
Species_54	96.8041962962963	97	98, 98.1, 98.2, 98.3, 98.4, 98.5, 98.6, 98.7, 98.8, 98.9, 99, 99.1, 99.2, 99.3, 99.4, 99.5	Group 1
Species_56	98.1825413518887	96.4, 98.7	99.1, 99.2, 99.3, 99.4, 99.5	Group 1
Species_57	97.3996618892508		98.9, 99, 99.1, 99.2, 99.3, 99.4, 99.5, 99.6	Group 1
Species_59	96.8011336541542	95.5, 96.4	98, 98.1, 98.2, 98.3, 98.4, 98.5, 98.6, 98.7, 98.8, 98.9, 99, 99.1, 99.2, 99.3, 99.4, 99.5, 99.6	Group 1
Species_62	98.4412318028894	96.7, 97.7, 98.8	99, 99.1, 99.2, 99.3, 99.4, 99.5	Group 1
Species_64	98.7792707449192	98.6	99.3, 99.4, 99.5, 99.6	Group 1
Species_79	98.4605221006224	98.8	99.4, 99.5, 99.6, 99.7, 99.8, 99.9, 100	Group 1
Species_81	96.2878376886792	0	97.9, 98, 98.1, 98.2, 98.3, 98.4, 98.5, 98.6, 98.7, 98.8, 98.9, 99, 99.1, 99.2, 99.3, 99.4, 99.5, 99.6, 99.7, 99.8, 99.9, 100	Group 1
Species_92	98.6086139459045	96.5, 97.6, 98.8	99, 99.1, 99.2, 99.3, 99.4, 99.5	Group 1
Species_93	99.9938363584333		98.5, 98.6, 98.7, 98.8, 98.9, 99, 99.1, 99.2, 99.3, 99.4, 99.5	Group 2
Species_96	98.1937545751634	96.5, 98.8	99.2, 99.3, 99.4, 99.5	Group 1
Species_98	98.2763577417498	98.3	-	Group 3
Species_104	99.2193851955307		-	Group 3
Species_111	97.9097064602961	96.5	98.9, 99, 99.1, 99.2, 99.3, 99.4, 99.5	Group 1
Species_112	98.909474999161	98.7	99.2, 99.3, 99.4	Group 1
Species_118	98.9390835177772		-	Group 3
Species_119	97.1252832570307	95.4	98.9, 99, 99.1, 99.2, 99.3, 99.4, 99.5	Group 1
Species_120	99.1991359528606	99	-	Group 3
Species_127	99.6137118577075	0	96.8, 96.9, 97, 97.1, 97.2, 97.3, 97.4, 97.5, 97.6, 97.7, 97.8, 97.9, 98, 98.1, 98.2, 98.3, 98.4, 98.5, 98.6, 98.7, 98.8, 98.9, 99, 99.1, 99.2, 99.3	Group 1
Species_129	98.3619304372516	98.3	99.2, 99.3, 99.4	Group 1
Species_136	97.4932992876811	95.7, 96.4, 97.6	99.2, 99.3, 99.4	Group 1
Species_140	98.670417475303	98	99.2, 99.3, 99.4, 99.5, 99.6, 99.7	Group 1
Species_146	97.7938067285383	96.8, 97.7	98.9, 99, 99.1, 99.2, 99.3, 99.4, 99.5, 99.6	Group 1
Species_149	98.7249884370407	98.8	-	Group 3
Species_151	96.8625018954624	95.2, 96.6	98, 98.1, 98.2, 98.3, 98.4, 98.5, 98.6, 98.7, 98.8, 98.9, 99, 99.1, 99.2, 99.3, 99.4, 99.5, 99.6	Group 1
Species_154	98.7148336190615		99, 99.1, 99.2, 99.3, 99.4	Group 1
Species_160	97.9615410137248	96.5	99, 99.1, 99.2, 99.3, 99.4, 99.5	Group 1
Species_162	97.6284191982493	95.5, 99.4	-	Group 4
Species_175	96.8036719298246	95.4, 96.5, 97.7	98, 98.1, 98.2, 98.3, 98.4, 98.5, 98.6, 98.7, 98.8, 98.9, 99, 99.1, 99.2, 99.3, 99.4, 99.5, 99.6	Group 1
Species_178	97.6839664150943	95.5, 98.2	99, 99.1, 99.2, 99.3, 99.4, 99.5	Group 1
Species_180	98.4409894157678	99.4	-	Group 4
Species_188	96.6017833436314	95.7	98.1, 98.2, 98.3, 98.4, 98.5, 98.6, 98.7, 98.8, 98.9, 99, 99.1, 99.2, 99.3, 99.4, 99.5, 99.6, 99.7, 99.8, 99.9	Group 1
Species_195	96.7631540579305	95.7	97.3, 97.4, 97.5, 97.6, 97.7, 97.8, 97.9, 98, 98.1, 98.2, 98.3, 98.4, 98.5, 98.6, 98.7, 98.8, 98.9, 99, 99.1, 99.2, 99.3, 99.4, 99.5, 99.6	Group 1
Species_199	98.0338490725127	98.2	98.9, 99, 99.1, 99.2, 99.3, 99.4, 99.5	Group 1
Species_200	98.6002346210996	97.4	98.9, 99, 99.1, 99.2, 99.3, 99.4, 99.5	Group 1
Species_201	99.6796968817204		-	Group 3
Species_202	96.4407334700254	95.5	98, 98.1, 98.2, 98.3, 98.4, 98.5, 98.6, 98.7, 98.8, 98.9, 99, 99.1, 99.2, 99.3, 99.4, 99.5, 99.6, 99.7	Group 1
Species_205	97.3130276023869	95.4	99.1, 99.2, 99.3, 99.4, 99.5	Group 1
Species_211	97.6531893269516	97.8	99, 99.1, 99.2, 99.3, 99.4, 99.5, 99.6	Group 1
Species_213	98.0670592727273	97.7	99.5, 99.6, 99.7, 99.8, 99.9, 100	Group 1
Species_224	98.744504957039	97.6	99, 99.1, 99.2, 99.3, 99.4, 99.5	Group 1
Species_225	99.604493442623		-	Group 3
Species_238	97.7971899736148	95.4, 96.6	99, 99.1, 99.2, 99.3, 99.4, 99.5	Group 1
Species_239	96.9890215909091	0	-	Group 3
Species_247	99.8296067307692	98.7	99, 99.1, 99.2, 99.3, 99.4, 99.5	Group 2
Species_251	98.475110304878	98.6	-	Group 3
Species_253	98.7196586330935	96.7, 97.5, 98.7	99, 99.1, 99.2, 99.3, 99.4, 99.5, 99.6	Group 1
Species_254	97.755667335563	95.3, 98.8	99, 99.1, 99.2, 99.3, 99.4, 99.5	Group 1
Species_256	98.2189053064404	97.8, 99.2	-	Group 4
Species_258	98.2545276470588	98	98.8, 98.9, 99, 99.1, 99.2, 99.3, 99.4, 99.5	Group 1
Species_265	96.9466589983713	95.5	97.1, 97.2, 97.3, 97.4, 97.5, 97.6, 97.7, 97.8, 97.9, 98, 98.1, 98.2, 98.3, 98.4, 98.5, 98.6, 98.7, 98.8, 98.9, 99, 99.1, 99.2, 99.3, 99.4, 99.5, 99.6	Group 1
Species_267	96.5732666666667	95.5	98, 98.1, 98.2, 98.3, 98.4, 98.5, 98.6, 98.7, 98.8, 98.9, 99, 99.1, 99.2, 99.3, 99.4, 99.5, 99.6	Group 1
Species_271	99.830118013468	98.7	99, 99.1, 99.2, 99.3, 99.4, 99.5	Group 2
Species_280	97.0346442307692		98.4, 98.5, 98.6, 98.7, 98.8, 98.9, 99, 99.1, 99.2, 99.3, 99.4	Group 1
Species_289	98.9755008264463	95.5, 96.5, 98.8	99, 99.1, 99.2, 99.3, 99.4, 99.5	Group 1
Species_292	97.741848538961	96.4, 97.6	98.9, 99, 99.1, 99.2, 99.3, 99.4, 99.5	Group 1
Species_303	96.8704810606061	96.4	98.2, 98.3, 98.4, 98.5, 98.6, 98.7, 98.8, 98.9, 99, 99.1, 99.2, 99.3	Group 1
Species_305	98.2301275675676	0	-	Group 3
Species_317	96.3614094594595	95.6	97.3, 97.4, 97.5, 97.6, 97.7, 97.8, 97.9, 98, 98.1, 98.2, 98.3, 98.4, 98.5, 98.6, 98.7, 98.8, 98.9, 99, 99.1, 99.2, 99.3, 99.4, 99.5, 99.6	Group 1
Species_320	99.2910820525306	96.4, 98.7	99, 99.1, 99.2, 99.3, 99.4, 99.5	Group 1
Species_327	96.6438164794008	95.3, 97.2	98.2, 98.3, 98.4, 98.5, 98.6, 98.7, 98.8, 98.9, 99, 99.1, 99.2, 99.3, 99.4, 99.5, 99.6	Group 1
Species_334	96.8622144662921		97, 97.1, 97.2, 97.3, 97.4, 97.5, 97.6, 97.7, 97.8, 97.9, 98, 98.1, 98.2, 98.3, 98.4, 98.5, 98.6, 98.7, 98.8, 98.9, 99, 99.1, 99.2, 99.3, 99.4, 99.5	Group 1
Species_343	99.087045112782	98.5, 99.1	99.4, 99.5, 99.6, 99.7	Group 1
Species_349	98.8642752579853	97.7, 98.8	99.1, 99.2, 99.3, 99.4, 99.5, 99.6	Group 1
Species_351	96.5854472395185	95.2	98.1, 98.2, 98.3, 98.4, 98.5, 98.6, 98.7, 98.8, 98.9, 99, 99.1, 99.2, 99.3, 99.4, 99.5, 99.6, 99.7	Group 1
Species_362	97.6159294638554	97.2	98.8, 98.9, 99, 99.1, 99.2, 99.3, 99.4, 99.5, 99.6	Group 1
Species_375	99.0591230952381	0	-	Group 3
Species_376	99.7667765258216	98.8	99, 99.1, 99.2, 99.3, 99.4, 99.5	Group 1
Species_380	98.3270516042781	96.9, 99.2	-	Group 4
Species_383	97.8971608695652	95.2, 96.5	99, 99.1, 99.2, 99.3, 99.4, 99.5	Group 1
Species_386	96.5398622057541	95.6	97.9, 98, 98.1, 98.2, 98.3, 98.4, 98.5, 98.6, 98.7, 98.8, 98.9, 99, 99.1, 99.2, 99.3, 99.4, 99.5, 99.6, 99.7	Group 1
Species_388	97.7731866290019	96.2	98.9, 99, 99.1, 99.2, 99.3, 99.4, 99.5	Group 1
Species_389	98.2473738095238	98, 99.2	-	Group 4
Species_391	96.3674824248777	95.5	97.1, 97.2, 97.3, 97.4, 97.5, 97.6, 97.7, 97.8, 97.9, 98, 98.1, 98.2, 98.3, 98.4, 98.5, 98.6, 98.7, 98.8, 98.9, 99, 99.1, 99.2, 99.3, 99.4, 99.5, 99.6	Group 1
Species_392	98.8197843873518	98, 98.8, 99.7	-	Group 4
Species_422	97.8924146245059	96.1	97.8, 97.9, 98, 98.1, 98.2, 98.3, 98.4, 98.5, 98.6, 98.7, 98.8, 98.9, 99, 99.1, 99.2	Group 1
Species_428	96.8861032	95.2, 96.5	99, 99.1, 99.2, 99.3, 99.4, 99.5, 99.6	Group 1
Species_432	99.156967368421	97.6, 99.1	99.3, 99.4, 99.5, 99.6, 99.7	Group 1
Species_440	97.2147997865528	95.4, 96.4, 97.6	99.1, 99.2, 99.3, 99.4, 99.5, 99.6	Group 1
Species_454	98.4826775197399	95.5, 98.7	99, 99.1, 99.2, 99.3, 99.4, 99.5	Group 1
Species_455	96.5398515679443	95.5, 96.9	98.4, 98.5, 98.6, 98.7, 98.8, 98.9, 99, 99.1, 99.2, 99.3, 99.4, 99.5, 99.6, 99.7	Group 1
Species_458	96.704864375	95.8, 97.3	98.6, 98.7, 98.8, 98.9, 99, 99.1, 99.2, 99.3, 99.4, 99.5, 99.6, 99.7, 99.8, 99.9, 100	Group 1
Species_461	97.1529364130435	95.8	98.9, 99, 99.1, 99.2, 99.3, 99.4, 99.5	Group 1
Species_465	97.6651604130809	97.3	99.1, 99.2, 99.3, 99.4, 99.5, 99.6, 99.7, 99.8, 99.9, 100	Group 1
Species_466	97.7338361235675	95.2, 96.5, 98.8	99.2, 99.3, 99.4, 99.5	Group 1
Species_470	99.0300792494481		-	Group 3
Species_481	97.1938992578311	95.8, 97.7	99, 99.1, 99.2, 99.3, 99.4, 99.5, 99.6	Group 1
Species_490	98.0895316546763	95.4	99, 99.1, 99.2, 99.3, 99.4, 99.5	Group 1
Species_498	98.7321897368421	97.2, 98.2	99.2, 99.3, 99.4, 99.5, 99.6, 99.7	Group 1
Species_513	98.922358492823		99, 99.1, 99.2, 99.3, 99.4, 99.5	Group 1
Species_522	99.5739247093023	97.8, 98.8	99.1, 99.2, 99.3, 99.4, 99.5	Group 1
Species_527	96.6054814321926	95.6	98.2, 98.3, 98.4, 98.5, 98.6, 98.7, 98.8, 98.9, 99, 99.1, 99.2, 99.3, 99.4, 99.5, 99.6, 99.7	Group 1
Species_533	99.9609473426473	98.8	99, 99.1, 99.2, 99.3, 99.4, 99.5	Group 2
Species_555	96.892207769276	96.7, 97.3	98.7, 98.8, 98.9, 99, 99.1, 99.2, 99.3, 99.4, 99.5, 99.6, 99.7, 99.8, 99.9, 100	Group 1
Species_567	96.8735983962264	95.6	98.8, 98.9, 99, 99.1, 99.2, 99.3, 99.4, 99.5, 99.6, 99.7	Group 1
Species_574	97.3722909888357	96.2, 98.2	98.8, 98.9, 99, 99.1, 99.2, 99.3, 99.4, 99.5	Group 1
Species_581	97.3644965517241	96.1, 97.5	97.9, 98, 98.1, 98.2, 98.3, 98.4, 98.5, 98.6, 98.7, 98.8, 98.9, 99, 99.1, 99.2, 99.3, 99.4, 99.5, 99.6	Group 1
Species_582	96.6864603332489	96.5	97.6, 97.7, 97.8, 97.9, 98, 98.1, 98.2, 98.3, 98.4, 98.5, 98.6, 98.7, 98.8, 98.9, 99, 99.1, 99.2, 99.3, 99.4, 99.5, 99.6	Group 1
Species_600	97.1464533621388	97.4	98.8, 98.9, 99, 99.1, 99.2, 99.3, 99.4, 99.5, 99.6, 99.7, 99.8, 99.9	Group 1
Species_612	98.4881543400713	98.5	99.4, 99.5, 99.6	Group 1
Species_619	97.4435466666667	95.5	98.9, 99, 99.1, 99.2, 99.3, 99.4, 99.5	Group 1
Species_626	99.3043105420724	99	-	Group 3
Species_638	98.1886580511974	96.5, 97.6, 98.7	99.1, 99.2, 99.3, 99.4, 99.5	Group 1
Species_665	97.2905961111111	96.9	98.2, 98.3, 98.4, 98.5, 98.6, 98.7, 98.8, 98.9, 99, 99.1, 99.2, 99.3, 99.4, 99.5	Group 1
Species_666	96.3214524590164	0	97.7, 97.8, 97.9, 98, 98.1, 98.2, 98.3, 98.4, 98.5, 98.6, 98.7, 98.8, 98.9, 99, 99.1, 99.2, 99.3, 99.4, 99.5, 99.6, 99.7, 99.8, 99.9, 100	Group 1
Species_667	97.8493607142857	96.8, 98.6	99.2, 99.3, 99.4, 99.5, 99.6	Group 1
Species_670	97.9408712025316	95.4, 96.6	99, 99.1, 99.2, 99.3, 99.4, 99.5, 99.6	Group 1
Species_675	97.8073678489515	97.2, 98.4	99.2, 99.3, 99.4, 99.5, 99.6, 99.7, 99.8, 99.9, 100	Group 1
Species_703	98.033054323725	95.4, 97.7	99, 99.1, 99.2, 99.3, 99.4, 99.5, 99.6	Group 1
Species_712	96.7379893203884	0	-	Group 3
Species_718	97.9679334505804	98.6	99.1, 99.2, 99.3, 99.4, 99.5, 99.6	Group 1
Species_744	95.9222780821918	95.3	97.2, 97.3, 97.4, 97.5, 97.6, 97.7, 97.8, 97.9, 98, 98.1, 98.2, 98.3, 98.4, 98.5, 98.6, 98.7, 98.8, 98.9, 99, 99.1, 99.2, 99.3, 99.4, 99.5, 99.6, 99.7	Group 1
Species_751	99.6173344769404	98.8	99, 99.1, 99.2, 99.3, 99.4, 99.5	Group 1
Species_753	96.8406941208791	96.7	98.2, 98.3, 98.4, 98.5, 98.6, 98.7, 98.8, 98.9, 99, 99.1, 99.2, 99.3, 99.4, 99.5, 99.6, 99.7	Group 1
Species_760	96.2196100681909	96.1	97.6, 97.7, 97.8, 97.9, 98, 98.1, 98.2, 98.3, 98.4, 98.5, 98.6, 98.7, 98.8, 98.9, 99, 99.1, 99.2, 99.3, 99.4, 99.5, 99.6, 99.7, 99.8, 99.9, 100	Group 1
Species_762	98.7984495402299	97.7	99.4, 99.5, 99.6, 99.7	Group 1
Species_766	97.7949173160173	97.7	98.7, 98.8, 98.9, 99, 99.1, 99.2, 99.3, 99.4, 99.5, 99.6, 99.7, 99.8, 99.9, 100	Group 1
Species_779	99.5480486638537	96.5, 98.8	99, 99.1, 99.2, 99.3, 99.4, 99.5	Group 1
Species_789	96.6868662259615	96.2	97.2, 97.3, 97.4, 97.5, 97.6, 97.7, 97.8, 97.9, 98, 98.1, 98.2, 98.3, 98.4, 98.5, 98.6, 98.7, 98.8, 98.9, 99, 99.1, 99.2, 99.3, 99.4, 99.5, 99.6	Group 1
Species_809	97.0840068627451	95.1, 97.9	98.8, 98.9, 99, 99.1, 99.2, 99.3, 99.4, 99.5, 99.6	Group 1
Species_811	97.6997008363202	98.6	-	Group 3
Species_813	97.1917710526316	95.7, 96.8, 97.6	98.2, 98.3, 98.4, 98.5, 98.6, 98.7, 98.8, 98.9, 99, 99.1, 99.2, 99.3, 99.4, 99.5, 99.6	Group 1
Species_820	99.9339157309942		98.4, 98.5, 98.6, 98.7, 98.8, 98.9, 99, 99.1, 99.2, 99.3, 99.4, 99.5, 99.6, 99.7, 99.8	Group 2
Species_834	97.6307244897959	95.5, 96.6	99, 99.1, 99.2, 99.3, 99.4, 99.5, 99.6	Group 1
Species_845	98.3249407088782	98.8	-	Group 3
Species_848	97.6374039861352	95.5, 96.9	97.9, 98, 98.1, 98.2, 98.3, 98.4, 98.5, 98.6, 98.7, 98.8, 98.9, 99, 99.1, 99.2, 99.3, 99.4, 99.5	Group 1
Species_857	97.3637990291262	96.7	97.9, 98, 98.1, 98.2, 98.3, 98.4, 98.5, 98.6, 98.7, 98.8, 98.9, 99, 99.1, 99.2, 99.3, 99.4, 99.5	Group 1
Species_859	98.6788822510823	95.8, 98.9	99.1, 99.2, 99.3, 99.4, 99.5, 99.6	Group 1
Species_864	98.144102690583	97.8	99, 99.1, 99.2, 99.3, 99.4, 99.5	Group 1
Species_874	98.0122124854939	96.7, 97.5	98.9, 99, 99.1, 99.2, 99.3, 99.4, 99.5, 99.6	Group 1
Species_878	98.9642060759494	95.3	99, 99.1, 99.2, 99.3, 99.4, 99.5	Group 1
Species_902	97.8275038591039	97.8	99.1, 99.2, 99.3, 99.4, 99.5, 99.6, 99.7	Group 1
Species_909	99.9674005857741	98.8	99, 99.1, 99.2, 99.3, 99.4, 99.5	Group 2
Species_912	99.863932428115	99	99.2, 99.3, 99.4, 99.5, 99.6	Group 2
Species_919	97.9571939655172	97.4, 98.8	-	Group 3
Species_924	97.2293984759672	96.8	99.1, 99.2, 99.3, 99.4, 99.5, 99.6, 99.7	Group 1
Species_934	96.4405704375667	95.6, 96.5	97.5, 97.6, 97.7, 97.8, 97.9, 98, 98.1, 98.2, 98.3, 98.4, 98.5, 98.6, 98.7, 98.8, 98.9, 99, 99.1, 99.2, 99.3, 99.4, 99.5, 99.6, 99.7	Group 1
Species_969	97.6737076470588	96.6	97.9, 98, 98.1, 98.2, 98.3, 98.4, 98.5, 98.6, 98.7, 98.8, 98.9, 99, 99.1, 99.2, 99.3, 99.4, 99.5	Group 1
Species_985	96.6530756868132	95.3	98.9, 99, 99.1, 99.2, 99.3, 99.4, 99.5, 99.6	Group 1
Species_993	96.647863625731	95.5	98, 98.1, 98.2, 98.3, 98.4, 98.5, 98.6, 98.7, 98.8, 98.9, 99, 99.1, 99.2, 99.3, 99.4, 99.5, 99.6	Group 1
Species_1018	99.4336188202247	98.7	99.1, 99.2, 99.3, 99.4, 99.5, 99.6	Group 1
Species_1025	96.3905515625		96.7, 96.8, 96.9, 97, 97.1, 97.2, 97.3, 97.4, 97.5, 97.6, 97.7, 97.8, 97.9, 98, 98.1, 98.2, 98.3, 98.4, 98.5, 98.6, 98.7, 98.8, 98.9, 99, 99.1, 99.2, 99.3, 99.4, 99.5, 99.6	Group 1
Species_1033	97.7548317453046	95.4, 98.9	-	Group 3
Species_1045	97.3848965260546		99, 99.1, 99.2, 99.3, 99.4, 99.5	Group 1
Species_1048	96.3200347826087	96	97.4, 97.5, 97.6, 97.7, 97.8, 97.9, 98, 98.1, 98.2, 98.3, 98.4, 98.5, 98.6, 98.7, 98.8, 98.9, 99, 99.1, 99.2, 99.3, 99.4, 99.5, 99.6, 99.7, 99.8, 99.9, 100	Group 1
Species_1057	99.8936052863436		98.7, 98.8, 98.9, 99, 99.1, 99.2, 99.3, 99.4, 99.5, 99.6, 99.7, 99.8	Group 2
Species_1063	98.6345805932037	95.4, 98.8	99.1, 99.2, 99.3, 99.4, 99.5	Group 1
Species_1077	97.26556204571	95.5	99, 99.1, 99.2, 99.3, 99.4, 99.5, 99.6	Group 1
Species_1081	97.8467415492958	95.3, 98.8	99.1, 99.2, 99.3, 99.4, 99.5, 99.6	Group 1
Species_1097	98.0861859140859	95.5, 98.6	98.9, 99, 99.1, 99.2, 99.3, 99.4, 99.5	Group 1
Species_1101	98.988575094697	99.2	99.6, 99.7, 99.8, 99.9, 100	Group 1
Species_1107	99.3466154992548	95.5, 98.8	99.1, 99.2, 99.3, 99.4, 99.5, 99.6	Group 1
Species_1201	96.5138888099467	95.7	98, 98.1, 98.2, 98.3, 98.4, 98.5, 98.6, 98.7, 98.8, 98.9, 99, 99.1, 99.2, 99.3, 99.4, 99.5, 99.6, 99.7, 99.8, 99.9	Group 1
Species_1202	99.0835435222672	98.8	99.2, 99.3, 99.4, 99.5	Group 1
Species_1206	98.0328541891508	96.1, 98.6	99, 99.1, 99.2, 99.3, 99.4, 99.5	Group 1
Species_1213	97.4104633906231	97.9	98.9, 99, 99.1, 99.2, 99.3, 99.4, 99.5, 99.6, 99.7, 99.8	Group 1
Species_1233	98.4709134463277	95.3, 97.6, 98.8	99.1, 99.2, 99.3, 99.4, 99.5, 99.6	Group 1
Species_1261	98.7318549263873	95.5, 96.4, 98.8	99, 99.1, 99.2, 99.3, 99.4, 99.5	Group 1
Species_1279	96.7876732020548	95.5	97.9, 98, 98.1, 98.2, 98.3, 98.4, 98.5, 98.6, 98.7, 98.8, 98.9, 99, 99.1, 99.2, 99.3, 99.4, 99.5, 99.6	Group 1
Species_1283	97.0244860594796	96.8	98.7, 98.8, 98.9, 99, 99.1, 99.2, 99.3, 99.4, 99.5, 99.6	Group 1
Species_1302	96.6250498701299	95.8	97.3, 97.4, 97.5, 97.6, 97.7, 97.8, 97.9, 98, 98.1, 98.2, 98.3, 98.4, 98.5, 98.6, 98.7, 98.8, 98.9, 99, 99.1, 99.2, 99.3, 99.4, 99.5, 99.6	Group 1
Species_1308	99.537112005457	98.7	99, 99.1, 99.2, 99.3, 99.4, 99.5	Group 1
Species_1319	96.7300223602484	95.9	99, 99.1, 99.2, 99.3, 99.4, 99.5, 99.6	Group 1
Species_1350	96.4740419277108	95.8	98.5, 98.6, 98.7, 98.8, 98.9, 99, 99.1, 99.2, 99.3, 99.4, 99.5, 99.6, 99.7	Group 1
Species_1367	99.8108146551724	98.7	99, 99.1, 99.2, 99.3, 99.4, 99.5	Group 2
Species_1383	95.9903831835687	95.7	-	Group 3
Species_1416	98.4207643302752	97.6, 98.8	99.1, 99.2, 99.3, 99.4, 99.5	Group 1
Species_1426	96.7631101408451	96.1	97.4, 97.5, 97.6, 97.7, 97.8, 97.9, 98, 98.1, 98.2, 98.3, 98.4, 98.5, 98.6, 98.7, 98.8, 98.9, 99, 99.1, 99.2, 99.3, 99.4, 99.5, 99.6	Group 1
Species_1430	98.1772142076503	98	99.2, 99.3, 99.4, 99.5, 99.6, 99.7	Group 1
Species_1447	95.9977520547945	95.5	96.6, 96.7, 96.8, 96.9, 97, 97.1, 97.2, 97.3, 97.4, 97.5, 97.6, 97.7, 97.8, 97.9, 98, 98.1, 98.2, 98.3, 98.4, 98.5, 98.6, 98.7, 98.8, 98.9, 99, 99.1, 99.2, 99.3, 99.4, 99.5, 99.6	Group 1
Species_1467	99.0285576576577	99.4	-	Group 4
Species_1485	96.8858036073826	95.3	98.8, 98.9, 99, 99.1, 99.2, 99.3, 99.4, 99.5, 99.6	Group 1
Species_1506	96.2400426829268	0	97.5, 97.6, 97.7, 97.8, 97.9, 98, 98.1, 98.2, 98.3, 98.4, 98.5, 98.6, 98.7, 98.8, 98.9, 99, 99.1, 99.2, 99.3, 99.4, 99.5, 99.6, 99.7, 99.8, 99.9	Group 1
Species_1518	97.8050686666667	95.5, 96.3	98.9, 99, 99.1, 99.2, 99.3, 99.4, 99.5	Group 1
Species_1536	97.6340070175439	95.2, 98.8	99.1, 99.2, 99.3, 99.4, 99.5, 99.6	Group 1
Species_1546	99.4055026666667	98.7	99, 99.1, 99.2, 99.3, 99.4, 99.5	Group 1
Species_1551	99.9286761811024	98.8	99, 99.1, 99.2, 99.3, 99.4, 99.5	Group 2
Species_1560	97.8878544736842	97.3, 98.6	99.1, 99.2, 99.3, 99.4, 99.5, 99.6	Group 1
Species_1592	98.1610255458515	96.8, 97.7	98.3, 98.4, 98.5, 98.6, 98.7, 98.8, 98.9, 99, 99.1, 99.2, 99.3, 99.4, 99.5, 99.6	Group 1
Species_1594	99.3143485490196		-	Group 3
Species_1600	97.5027211855104	95.5, 96.6	98.9, 99, 99.1, 99.2, 99.3, 99.4, 99.5	Group 1
Species_1604	97.3584749340369	95.4	98.9, 99, 99.1, 99.2, 99.3, 99.4, 99.5	Group 1
Species_1615	98.3627228169014	95.4, 96.5	99, 99.1, 99.2, 99.3, 99.4, 99.5	Group 1
Species_1616	96.7258764705882	0	-	Group 3
Species_1669	97.4429621806347	95.4, 96.6	97.5, 97.6, 97.7, 97.8, 97.9, 98, 98.1, 98.2, 98.3, 98.4, 98.5, 98.6, 98.7, 98.8, 98.9, 99, 99.1, 99.2, 99.3, 99.4, 99.5, 99.6	Group 1
Species_1688	99.8210989838613	98.8	99, 99.1, 99.2, 99.3, 99.4, 99.5	Group 2
Species_1689	97.47133072	95.4, 96.6	98.9, 99, 99.1, 99.2, 99.3, 99.4, 99.5, 99.6	Group 1
Species_1691	97.5007461988304	95.5, 98.5	99, 99.1, 99.2, 99.3, 99.4, 99.5	Group 1
Species_1694	98.5306487341772	95.4	99, 99.1, 99.2, 99.3, 99.4, 99.5	Group 1
Species_1722	99.546845220339		-	Group 3
Species_1725	97.849727012987	97.6	99.4, 99.5	Group 1
Species_1773	99.0282289099526	96.5, 98.8	99, 99.1, 99.2, 99.3, 99.4, 99.5	Group 1
Species_1810	97.4272575757576	95.8, 97.7, 98.9	99.5, 99.6, 99.7, 99.8	Group 1
Species_1816	97.7966884057971	97.5	98.5, 98.6, 98.7, 98.8, 98.9, 99, 99.1, 99.2, 99.3, 99.4, 99.5, 99.6	Group 1
Species_1839	95.7070062196307	95.6	96.6, 96.7, 96.8, 96.9, 97, 97.1, 97.2, 97.3, 97.4, 97.5, 97.6, 97.7, 97.8, 97.9, 98, 98.1, 98.2, 98.3, 98.4, 98.5, 98.6, 98.7, 98.8, 98.9, 99, 99.1, 99.2, 99.3, 99.4, 99.5, 99.6, 99.7, 99.8, 99.9, 100	Group 1
Species_1840	98.9838228915663	96.6, 98.8	99.1, 99.2, 99.3, 99.4, 99.5, 99.6	Group 1
Species_1863	98.2164481981982	97.6, 98.8	99.1, 99.2, 99.3, 99.4, 99.5	Group 1
Species_1871	97.4829769101595	95.4, 96.4	98.9, 99, 99.1, 99.2, 99.3, 99.4, 99.5	Group 1
Species_1874	97.6928462837838	96.6, 98.1	98.8, 98.9, 99, 99.1, 99.2, 99.3, 99.4, 99.5	Group 1
Species_1963	96.8571410904255	95.9	98.4, 98.5, 98.6, 98.7, 98.8, 98.9, 99, 99.1, 99.2, 99.3, 99.4, 99.5, 99.6	Group 1
Species_1975	96.3042274853801	95.7	97.3, 97.4, 97.5, 97.6, 97.7, 97.8, 97.9, 98, 98.1, 98.2, 98.3, 98.4, 98.5, 98.6, 98.7, 98.8, 98.9, 99, 99.1, 99.2, 99.3, 99.4, 99.5, 99.6, 99.7	Group 1
Species_2005	98.5838	95.4, 98.7	99, 99.1, 99.2, 99.3, 99.4, 99.5	Group 1
Species_2030	97.305783975026	97.6	99, 99.1, 99.2, 99.3, 99.4, 99.5, 99.6, 99.7, 99.8, 99.9, 100	Group 1
Species_2080	97.1449186666667	96.3	97.9, 98, 98.1, 98.2, 98.3, 98.4, 98.5, 98.6, 98.7, 98.8, 98.9, 99, 99.1, 99.2, 99.3, 99.4, 99.5, 99.6	Group 1
Species_2137	95.7429645454545	95.4	96.8, 96.9, 97, 97.1, 97.2, 97.3, 97.4, 97.5, 97.6, 97.7, 97.8, 97.9, 98, 98.1, 98.2, 98.3, 98.4, 98.5, 98.6, 98.7, 98.8, 98.9, 99, 99.1, 99.2, 99.3, 99.4, 99.5, 99.6, 99.7, 99.8, 99.9	Group 1
Species_2184	96.5657449704142	96.1, 97.7	98.4, 98.5, 98.6, 98.7, 98.8, 98.9, 99, 99.1, 99.2, 99.3, 99.4, 99.5, 99.6, 99.7, 99.8, 99.9, 100	Group 1
Species_2229	96.939325882353	97	98.4, 98.5, 98.6, 98.7, 98.8, 98.9, 99, 99.1, 99.2, 99.3, 99.4, 99.5, 99.6, 99.7, 99.8, 99.9, 100	Group 1
Species_2243	97.5428583941606		99, 99.1, 99.2, 99.3, 99.4, 99.5	Group 1
Species_2245	97.3686	97.7	98.7, 98.8, 98.9, 99, 99.1, 99.2, 99.3, 99.4, 99.5, 99.6, 99.7, 99.8, 99.9, 100	Group 1
Species_2355	96.0676380819367	95.8	97.2, 97.3, 97.4, 97.5, 97.6, 97.7, 97.8, 97.9, 98, 98.1, 98.2, 98.3, 98.4, 98.5, 98.6, 98.7, 98.8, 98.9, 99, 99.1, 99.2, 99.3, 99.4, 99.5, 99.6, 99.7, 99.8, 99.9, 100	Group 1
Species_2398	98.5849563348416	96.4	98.9, 99, 99.1, 99.2, 99.3, 99.4, 99.5	Group 1
Species_2417	99.8627820176431	98.8	99, 99.1, 99.2, 99.3, 99.4, 99.5	Group 2
Species_2528	98.6878894422311	98.1, 98.6	99.1, 99.2, 99.3, 99.4, 99.5, 99.6	Group 1
Species_2554	96.8046785923754	96.4	98.1, 98.2, 98.3, 98.4, 98.5, 98.6, 98.7, 98.8, 98.9, 99, 99.1, 99.2, 99.3, 99.4, 99.5, 99.6	Group 1
Species_2606	97.299285		98.2, 98.3, 98.4, 98.5, 98.6, 98.7, 98.8, 98.9, 99, 99.1, 99.2, 99.3, 99.4, 99.5	Group 1
Species_2642	99.8625157720345	98.7	99, 99.1, 99.2, 99.3, 99.4, 99.5	Group 2
Species_2654	97.2420615456238	96.8	99, 99.1, 99.2, 99.3, 99.4, 99.5, 99.6, 99.7, 99.8, 99.9, 100	Group 1
Species_2797	98.0212325396825	95.7, 96.5, 97.6, 98.8	99.1, 99.2, 99.3, 99.4, 99.5, 99.6	Group 1
Species_2902	97.2321494252874	95.1, 96.6	97.2, 97.3, 97.4, 97.5, 97.6, 97.7, 97.8, 97.9, 98, 98.1, 98.2, 98.3, 98.4, 98.5, 98.6, 98.7, 98.8, 98.9, 99, 99.1, 99.2, 99.3, 99.4, 99.5	Group 1
Species_2912	97.5401606451613	97.3	98, 98.1, 98.2, 98.3, 98.4, 98.5, 98.6, 98.7, 98.8, 98.9, 99, 99.1, 99.2, 99.3, 99.4, 99.5, 99.6	Group 1
Species_2958	98.8353939393939	98.8, 99.5	99.7, 99.8, 99.9, 100	Group 1
Species_2967	99.3297151933702	95.2, 98.7	99, 99.1, 99.2, 99.3, 99.4, 99.5	Group 1
Species_3044	98.4642256880734	95.5	99, 99.1, 99.2, 99.3, 99.4, 99.5	Group 1
Species_3132	96.7075256302521	96.7	98, 98.1, 98.2, 98.3, 98.4, 98.5, 98.6, 98.7, 98.8, 98.9, 99, 99.1, 99.2, 99.3, 99.4, 99.5, 99.6, 99.7	Group 1
Species_3171	97.0335807909605	97.5	98.5, 98.6, 98.7, 98.8, 98.9, 99, 99.1, 99.2, 99.3, 99.4, 99.5, 99.6, 99.7, 99.8, 99.9, 100	Group 1
Species_3267	99.2152670068027	97.8, 98.8	99.2, 99.3, 99.4, 99.5	Group 1
Species_3305	97.625600462963	96.2, 97.6	99.1, 99.2, 99.3, 99.4, 99.5, 99.6	Group 1
Species_3352	96.9697737288136	96.5	99.1, 99.2, 99.3, 99.4, 99.5, 99.6	Group 1
Species_3542	97.4347229508197	95.3, 96.7	99, 99.1, 99.2, 99.3, 99.4, 99.5, 99.6	Group 1
Species_3560	97.0824463755459	96.1	96.9, 97, 97.1, 97.2, 97.3, 97.4, 97.5, 97.6, 97.7, 97.8, 97.9, 98, 98.1, 98.2, 98.3, 98.4, 98.5, 98.6, 98.7, 98.8, 98.9, 99, 99.1, 99.2, 99.3, 99.4, 99.5, 99.6	Group 1
Species_3586	96.9708541005291	97	97.8, 97.9, 98, 98.1, 98.2, 98.3, 98.4, 98.5, 98.6, 98.7, 98.8, 98.9, 99, 99.1, 99.2, 99.3, 99.4, 99.5, 99.6, 99.7, 99.8, 99.9, 100	Group 1
Species_3675	96.2835476038339	95.5, 96.4	97.1, 97.2, 97.3, 97.4, 97.5, 97.6, 97.7, 97.8, 97.9, 98, 98.1, 98.2, 98.3, 98.4, 98.5, 98.6, 98.7, 98.8, 98.9, 99, 99.1, 99.2, 99.3, 99.4, 99.5, 99.6, 99.7	Group 1
Species_3687	98.4621919082126	97.7, 98.8	99.2, 99.3, 99.4, 99.5	Group 1
Species_3704	98.308264640884	95.4	98.9, 99, 99.1, 99.2, 99.3, 99.4	Group 1
Species_3814	96.1990825819672	0	97.7, 97.8, 97.9, 98, 98.1, 98.2, 98.3, 98.4, 98.5, 98.6, 98.7, 98.8, 98.9, 99, 99.1, 99.2, 99.3, 99.4, 99.5, 99.6, 99.7, 99.8, 99.9, 100	Group 1
Species_3886	98.8526571428571	98.8	-	Group 3
Species_4167	96.8115717299578	95.7, 98.5	99, 99.1, 99.2, 99.3, 99.4, 99.5, 99.6, 99.7	Group 1
Species_4314	97.7601430278884	97.9	99.2, 99.3, 99.4, 99.5, 99.6, 99.7	Group 1
Species_4345	96.694240600316	95.5, 96.5	98.1, 98.2, 98.3, 98.4, 98.5, 98.6, 98.7, 98.8, 98.9, 99, 99.1, 99.2, 99.3, 99.4, 99.5, 99.6	Group 1
Species_4346	96.4040807377049	95.8	97.1, 97.2, 97.3, 97.4, 97.5, 97.6, 97.7, 97.8, 97.9, 98, 98.1, 98.2, 98.3, 98.4, 98.5, 98.6, 98.7, 98.8, 98.9, 99, 99.1, 99.2, 99.3, 99.4, 99.5, 99.6	Group 1
Species_4454	97.0359848878394	95.3, 96.5	99.1, 99.2, 99.3, 99.4, 99.5, 99.6	Group 1
Species_4480	98.4114364341085	95.5	99, 99.1, 99.2, 99.3, 99.4, 99.5	Group 1
Species_4486	98.5148151515152	96.9	98.2, 98.3, 98.4, 98.5, 98.6, 98.7, 98.8, 98.9, 99, 99.1, 99.2, 99.3, 99.4	Group 1
Species_4668	97.7348728915663	98.5	98.9, 99, 99.1, 99.2, 99.3, 99.4, 99.5	Group 1
Species_4740	96.8768967961165	95.6, 96.8	98.8, 98.9, 99, 99.1, 99.2, 99.3, 99.4, 99.5, 99.6, 99.7, 99.8, 99.9, 100	Group 1
Species_4905	98.6341843103448	95.4, 98.8	99, 99.1, 99.2, 99.3, 99.4, 99.5	Group 1
Species_4917	98.0217115384615		99, 99.1, 99.2, 99.3, 99.4, 99.5	Group 1
Species_5132	98.2637698324022	98.9	99.3, 99.4	Group 1
Species_5156	98.0235351190476	95.3, 97.7, 98.8	99.3, 99.4	Group 1
Species_5157	97.6255323851204	96.5	98.9, 99, 99.1, 99.2, 99.3, 99.4, 99.5	Group 1
Species_5250	97.9307159763314	95.4, 96.6	99, 99.1, 99.2, 99.3, 99.4, 99.5	Group 1
Species_5338	97.6218132132132	95.4	98.7, 98.8, 98.9, 99, 99.1, 99.2	Group 1
Species_5394	99.7111908695652	98.8	99, 99.1, 99.2, 99.3, 99.4, 99.5	Group 1
Species_5505	98.5424645892351	0	-	Group 3
Species_5563	97.5346307692308	0	-	Group 3
Species_5599	97.8979644927536	96.9	98.1, 98.2, 98.3, 98.4, 98.5, 98.6, 98.7, 98.8, 98.9, 99, 99.1, 99.2, 99.3, 99.4, 99.5, 99.6	Group 1
Species_6465	97.5802158536585	97.5	99, 99.1, 99.2, 99.3, 99.4, 99.5, 99.6	Group 1
Species_7545	97.1432132450331	95.4, 97.5	98, 98.1, 98.2, 98.3, 98.4, 98.5, 98.6, 98.7, 98.8, 98.9, 99, 99.1, 99.2, 99.3, 99.4, 99.5, 99.6	Group 1
Species_7577	97.2546365177196	95.7, 97.4	98.3, 98.4, 98.5, 98.6, 98.7, 98.8, 98.9, 99, 99.1, 99.2, 99.3, 99.4, 99.5, 99.6, 99.7	Group 1
Species_8087	97.0550347107438	0	-	Group 3
Species_9477	98.4426572052402	97.9, 98.7	99.2, 99.3, 99.4, 99.5	Group 1
